2 0.230159 0.664352 0.210813 0.289683
2 0.442336 0.857308 0.213542 0.275463
2 0.752852 0.964451 0.198165 0.0710979
2 0.596354 0.230489 0.193204 0.246032
2 0.642857 0.725694 0.164187 0.213955
2 0.563988 0.0388558 0.204365 0.0777116
3 0.229663 0.668981 0.214782 0.294312
2 0.0533234 0.428241 0.094246 0.259921
2 0.355655 0.0935847 0.208333 0.181217
2 0.147073 0.177249 0.201885 0.260582
3 0.438864 0.862434 0.208581 0.275132
2 0.938244 0.481481 0.123512 0.197751
2 0.795635 0.143353 0.183036 0.243717
2 0.518849 0.473876 0.185516 0.248677
0 0.0887897 0.878142 0.173115 0.204696
2 0.894965 0.868056 0.1813 0.236772
2 0.754092 0.449074 0.184276 0.240741
0 0.323165 0.361607 0.157738 0.208003
2 0.947793 0.161376 0.104415 0.237434
