0 0.552083 0.0213294 0.159722 0.0426587
0 0.169147 0.500661 0.18254 0.231481
2 0.0193452 0.390873 0.0386905 0.271164
2 0.101935 0.0954034 0.173611 0.190807
2 0.364087 0.420966 0.221726 0.282407
2 0.168527 0.495866 0.189236 0.251653
0 0.0999504 0.0973876 0.165179 0.191468
3 0.352679 0.419147 0.219742 0.282738
2 0.633557 0.213624 0.21751 0.268519
2 0.822421 0.122354 0.192956 0.22619
2 0.81808 0.428075 0.197173 0.25959
2 0.93502 0.659722 0.12996 0.21164
2 0.959325 0.239914 0.0813492 0.274802
2 0.687252 0.872851 0.191964 0.239087
2 0.0868056 0.845899 0.172619 0.257937
2 0.47557 0.868552 0.199653 0.250331
0 0.297619 0.713624 0.169147 0.209656
2 0.581597 0.519676 0.174603 0.220569
3 0.319444 0.10582 0.220238 0.21164
