3 0.400918 0.138558 0.187748 0.253307
2 0.0844494 0.609458 0.168403 0.285714
3 0.146949 0.057705 0.218502 0.11541
2 0.400174 0.965608 0.183284 0.0687831
2 0.277158 0.787037 0.211558 0.287037
0 0.0845734 0.609788 0.158234 0.297619
3 0.0823413 0.612269 0.164683 0.273479
0 0.393725 0.961475 0.169395 0.0737434
2 0.475198 0.637235 0.170635 0.222884
2 0.402034 0.138393 0.187004 0.255622
2 0.0229415 0.121858 0.0458829 0.231812
2 0.786706 0.371693 0.158234 0.210979
3 0.273189 0.791667 0.211558 0.294974
2 0.145957 0.0583664 0.195188 0.108796
2 0.944072 0.399802 0.111359 0.248677
2 0.604911 0.0811839 0.205853 0.161706
2 0.335441 0.394015 0.192212 0.270172
2 0.742932 0.765046 0.189236 0.242394
2 0.81622 0.0821759 0.202381 0.164352
2 0.574901 0.346892 0.195437 0.24537
2 0.602803 0.916005 0.198661 0.164683
0 0.129588 0.298942 0.15749 0.219577
