0 0.488095 0.808697 0.182044 0.247685
3 0.488839 0.813492 0.184524 0.246032
2 0.361235 0.602844 0.164931 0.219577
2 0.031002 0.515212 0.062004 0.228175
0 0.762153 0.669974 0.191468 0.263889
0 0.357763 0.599372 0.170387 0.222553
0 0.0302579 0.511739 0.0605159 0.229167
2 0.484747 0.811343 0.182292 0.253638
2 0.201513 0.395172 0.206597 0.260582
2 0.182664 0.108466 0.190228 0.213624
3 0.762773 0.672123 0.186756 0.25959
2 0.394097 0.185516 0.195933 0.265873
2 0.111235 0.846065 0.200149 0.247024
2 0.729911 0.225364 0.186012 0.229828
2 0.0488591 0.20453 0.0917659 0.253638
2 0.571553 0.0603505 0.193204 0.120701
2 0.553819 0.37996 0.184028 0.240079
