2 0.379588 0.966931 0.159474 0.0661376
2 0.106151 0.606812 0.212302 0.314815
3 0.104787 0.603671 0.209573 0.305225
2 0.968502 0.542163 0.062996 0.266204
2 0.148934 0.904762 0.240327 0.187831
3 0.14943 0.902447 0.249752 0.195106
2 0.299603 0.138724 0.200893 0.262235
2 0.954241 0.922288 0.0915179 0.155423
2 0.7562 0.33879 0.204861 0.272817
2 0.852927 0.73297 0.209325 0.275463
0 0.334945 0.441799 0.173859 0.213624
2 0.632812 0.605159 0.210069 0.263228
2 0.430804 0.739087 0.210813 0.291005
2 0.0789931 0.20453 0.156994 0.260251
2 0.641369 0.902943 0.22123 0.182209
2 0.528026 0.222057 0.212798 0.279431
