0 0.091085 0.885659 0.162791 0.210594
2 0.053295 0.430879 0.106589 0.275194
2 0.146318 0.172481 0.211240 0.272610
2 0.347868 0.092377 0.205426 0.184754
2 0.557655 0.042636 0.179264 0.085271
2 0.757267 0.452842 0.192829 0.262274
2 0.801357 0.142119 0.193798 0.248062
2 0.951550 0.174419 0.096899 0.245478
2 0.897287 0.869509 0.189922 0.260982
2 0.520349 0.475452 0.193798 0.266150
2 0.599806 0.232558 0.195736 0.266150
1 0.645833 0.731912 0.171512 0.226098
0 0.324612 0.362403 0.158915 0.205426
3 0.231105 0.664083 0.227713 0.286822
3 0.441376 0.858527 0.218023 0.282946