3 0.084302 0.607881 0.168604 0.285530
3 0.276163 0.794574 0.222868 0.299742
2 0.946221 0.406331 0.107558 0.254522
2 0.738857 0.766150 0.194767 0.271318
2 0.602713 0.917959 0.205426 0.164082
2 0.578004 0.355297 0.196705 0.260982
2 0.813953 0.082687 0.187984 0.165374
2 0.605136 0.082041 0.192829 0.164082
2 0.143411 0.056848 0.205426 0.113695
2 0.403101 0.138243 0.197674 0.260982
2 0.338663 0.399225 0.208333 0.266150
1 0.478682 0.642119 0.174419 0.224806
0 0.128391 0.298450 0.167636 0.217054
1 0.788275 0.373385 0.165698 0.229974
0 0.402132 0.963178 0.149225 0.073643